60.1
Liczba 989532: [1, 2, 494766.0, 3, 329844, 4, 247383, 6, 164922, 9, 109948, 12, 82461, 18, 54974, 36, 27487, 989532]
Liczba 131072: [1, 2, 65536.0, 4, 32768, 8, 16384, 16, 8192, 32, 4096, 64, 2048, 128, 1024, 256, 512, 131072]
Liczba 702027: [1, 3, 234009, 9, 78003, 27, 26001, 81, 8667, 107, 6561, 243, 2889, 321, 2187, 729, 963, 702027]
Liczba 461817: [1, 3, 153939, 9, 51313, 23, 20079, 69, 6693, 97, 4761, 207, 2231, 291, 1587, 529, 873, 461817]
Liczba 17298: [1, 2, 8649.0, 3, 5766, 6, 2883, 9, 1922, 18, 961, 31, 558, 62, 279, 93, 186, 17298]

60.2
Ilosc liczb mniejszych od 1000: 12
Dwie ostatnie liczby mniejsze od 1000: 633, 540

60.3
Najwieksza wzglednie pierwsza: 988027