64.1
Liczba rewersow: 13
Najwiecej jedynek: 381
64.2
Liczba obrazkow rekurencyjnych: 60
Pierwszy obrazek rekurencyjny:
11111111111111111111
00000000000000000000
11111111111111111111
00000000000000000000
11111111111111111111
00000000000000000000
11111111111111111111
00000000000000000000
11111111111111111111
00000000000000000000
11111111111111111111
00000000000000000000
11111111111111111111
00000000000000000000
11111111111111111111
00000000000000000000
11111111111111111111
00000000000000000000
11111111111111111111
00000000000000000000

64.4
(14, 1, 15)
(19, 4, 20)
(26, 21, 13)
(29, 2, 8)
(33, 15, 21)
(115, 21, 14)
(116, 21, 13)
(129, 21, 14)
(131, 10, 7)
(143, 7, 15)
(154, 7, 7)
(161, 21, 17)
(162, 21, 16)
(187, 21, 18)
64.3
Liczba obrazkow poprawnych: 171
Liczba obrazkow naprawialnych: 14
Liczba obrazkow nienaprawialnych: 15
Najwieksza liczba blednych bitow parzystosci: 7
